179.079 230.498
426.84 289.215
264.022 274.811
353.854 184.802
310.356 435.893
133.916 455.953
346.418 132.214
169.346 398.895
145.91 13.6231
583.82 413.568
466.812 266.918
205.134 242.702
500.013 105.528
217.324 65.3458
575.514 226.357
298.738 344.857
61.6369 323.979
476.587 280.812
13.2625 349.784
400.417 283.921
316.671 319.861
485.007 202.083
522.736 196.372
209.584 56.9964
34.5206 474.443
527.503 344.007
473.792 237.379
22.444 153.439
612.427 465.492
625.723 468.887
135.201 73.957
535.012 259.548
620.992 437.778
309.569 202.893
347.899 53.3524
562.253 217.435
59.6441 109.84
123.296 22.7908
95.5102 254.916
208.178 23.5944
580.019 56.01
387.283 313.216
398.982 430.04
207.005 390.409
315.329 93.1889
566.818 337.549
239.543 367.902
204.012 145.749
407.941 0.882299
312.149 147.905
319.698 335.079
248.035 467.808
105.804 368.161
42.2642 277.506
292.994 97.9052
560.505 461.052
172.697 217.632
166.933 308.337
149.794 219.107
141.441 242.851
517.584 331.629
57.4497 397.829
538.245 457.615
621.311 78.3601
595.845 53.3673
354.765 40.7854
249.385 426.34
321.63 193.356
195.222 131.348
575.253 181.506
474.924 124.267
432.25 179.994
195.612 106.42
350.239 411.377
241.718 459.471
472.484 107.697
289.273 423.091
550.27 399.39
554.286 110.707
386.915 87.6511
344.582 78.215
303.76 116.23
167.319 3.23665
506.643 298.907
52.8573 381.348
590.081 36.1984
241.634 11.844
415.853 216.727
131.376 395.661
153.589 334.212
553.093 434.929
287.443 17.7533
326.309 181.108
447.59 445.531
422.895 283.721
501.892 17.6718
76.2657 353.473
460.547 241.707
419.35 81.1538
294.745 351.968